b1_pop,0.004682,-0.00021977,-0.73635,-0.00017044,8.1578e-5,0.00072844,0.00022227
Dq_pop,-0.00021977,0.17851,1.1699,6.5947e-5,-1.5383e-5,-0.014351,-0.00030251
E0_pop,-0.73635,1.1699,39215,0.3194,-0.084472,-2.7753,-2.9227
betat1_pop,-0.00017044,6.5947e-5,0.3194,0.00023501,-1.5087e-5,-0.00032615,3.1797e-5
omega_b1,8.1578e-5,-1.5383e-5,-0.084472,-1.5087e-5,0.00056534,6.43e-5,0.00019482
omega_Dq,0.00072844,-0.014351,-2.7753,-0.00032615,6.43e-5,0.11027,0.0007794
omega_E0,0.00022227,-0.00030251,-2.9227,3.1797e-5,0.00019482,0.0007794,0.021322
