"initE_pop",52492,-0.024217,-0.14406,0.023985,0.020287,0.0080923,0.0086161,-0.5198,0.011116,-0.018377,-0.0037458,0.011735
"b1_pop",-0.024217,1.4253e-05,-9.9961e-06,-4.3221e-06,-8.871e-06,-5.639e-06,8.9619e-06,2.4717e-05,2.1791e-06,3.2764e-06,-5.0573e-07,-1.6021e-06
"betaw1_pop",-0.14406,-9.9961e-06,0.0035123,-7.868e-05,2.9431e-05,2.0826e-06,-9.3316e-06,0.00017635,-5.4264e-05,8.2121e-06,-6.6855e-06,-3.2689e-06
"betaw2_pop",0.023985,-4.3221e-06,-7.868e-05,0.0028009,-0.00020096,1.3352e-05,1.2586e-05,8.8194e-07,5.5678e-06,9.9759e-06,2.6601e-05,-3.3137e-06
"betaw3_pop",0.020287,-8.871e-06,2.9431e-05,-0.00020096,0.0028079,-8.4209e-05,-1.6145e-05,-3.8776e-05,-6.8661e-06,1.0611e-05,-0.00011351,4.1669e-05
"betaw4_pop",0.0080923,-5.639e-06,2.0826e-06,1.3352e-05,-8.4209e-05,0.00024195,-4.5884e-06,-8.0901e-06,4.9992e-06,-5.6728e-06,1.3747e-05,-3.0726e-05
"Dq_pop",0.0086161,8.9619e-06,-9.3316e-06,1.2586e-05,-1.6145e-05,-4.5884e-06,0.00013265,2.6533e-06,1.7265e-07,-1.9664e-06,2.2284e-06,1.6227e-06
"omega_initE",-0.5198,2.4717e-05,0.00017635,8.8194e-07,-3.8776e-05,-8.0901e-06,2.6533e-06,0.061081,-0.00014952,9.6627e-06,2.642e-05,-8.057e-06
"omega_betaw1",0.011116,2.1791e-06,-5.4264e-05,5.5678e-06,-6.8661e-06,4.9992e-06,1.7265e-07,-0.00014952,0.0018117,-1.5292e-05,-3.7364e-06,-8.9756e-06
"omega_betaw2",-0.018377,3.2764e-06,8.2121e-06,9.9759e-06,1.0611e-05,-5.6728e-06,-1.9664e-06,9.6627e-06,-1.5292e-05,0.0014341,-5.0646e-06,4.5825e-06
"omega_betaw3",-0.0037458,-5.0573e-07,-6.6855e-06,2.6601e-05,-0.00011351,1.3747e-05,2.2284e-06,2.642e-05,-3.7364e-06,-5.0646e-06,0.0016984,-9.4352e-08
"omega_betaw4",0.011735,-1.6021e-06,-3.2689e-06,-3.3137e-06,4.1669e-05,-3.0726e-05,1.6227e-06,-8.057e-06,-8.9756e-06,4.5825e-06,-9.4352e-08,0.00014618
