b1_pop,1,-0.0076018,-0.054343,-0.16248,0.050142,0.032059,0.022247
Dq_pop,-0.0076018,1,0.013983,0.010182,-0.0015313,-0.10229,-0.0049034
E0_pop,-0.054343,0.013983,1,0.10521,-0.01794,-0.042205,-0.10108
betat1_pop,-0.16248,0.010182,0.10521,1,-0.04139,-0.064069,0.014205
omega_b1,0.050142,-0.0015313,-0.01794,-0.04139,1,0.0081437,0.056113
omega_Dq,0.032059,-0.10229,-0.042205,-0.064069,0.0081437,1,0.016074
omega_E0,0.022247,-0.0049034,-0.10108,0.014205,0.056113,0.016074,1
